Refresh_000;0,5;23,33;136,71
Refresh_001;23,5;23,33;136,71
Refresh_002;46,5;23,33;136,71
Refresh_003;69,7;32,31;134,73
Refresh_004;101,0;30,38;131,66
Refresh_005;131,2;32,36;129,68
Refresh_006;163,4;32,34;128,70
Refresh_007;195,6;32,32;127,72
Refresh_008;227,7;32,31;124,73
Refresh_009;259,7;27,31;117,73
Refresh_010;286,6;27,32;119,72
Refresh_011;313,0;26,38;126,66
Refresh_012;339,2;27,36;125,68
Refresh_013;366,4;27,34;127,70
Refresh_014;393,6;27,32;128,72
Refresh_015;420,5;25,33;129,71
Refresh_016;445,4;29,34;127,70
Refresh_017;474,4;29,34;129,70
Refresh_018;503,4;26,34;131,70
Refresh_019;529,4;26,34;131,70
Refresh_020;555,4;18,34;136,70
Refresh_021;573,4;24,34;134,70
Refresh_022;597,4;35,34;132,70
Refresh_023;632,4;36,34;130,70
Refresh_024;668,5;36,33;129,70
Refresh_025;704,6;34,32;128,71
Refresh_026;738,6;31,32;128,71
Refresh_027;769,6;28,32;128,71
Refresh_028;797,6;23,32;128,71
Refresh_029;820,6;23,32;128,71
Refresh_030;843,6;21,32;137,71
Refresh_031;864,5;25,33;134,70
