Sword_000;0,16;27,36;137,68
Sword_001;27,16;27,36;137,68
Sword_002;54,16;27,36;137,68
Sword_003;81,15;27,37;137,67
Sword_004;108,16;31,36;133,68
Sword_005;139,4;61,48;122,56
Sword_006;200,5;61,47;122,57
Sword_007;261,0;61,52;122,52
Sword_008;322,0;61,52;122,52
Sword_009;383,0;61,52;122,52
Sword_010;444,0;60,52;123,52
Sword_011;504,0;58,52;125,52
Sword_012;562,0;56,52;127,52
Sword_013;618,0;55,52;128,52
Sword_014;673,0;54,52;129,52
Sword_015;727,0;55,52;128,52
Sword_016;782,1;95,51;82,53
Sword_017;877,18;86,34;82,70
Sword_017_under;963,42;21,10;72,76
Sword_018;984,18;48,34;90,70
Sword_018_under;1032,42;21,10;72,76
Sword_019;1053,17;45,35;90,69
Sword_019_under;1098,42;21,10;72,76
Sword_020;1119,16;43,36;90,68
Sword_020_under;1162,42;21,10;72,76
Sword_021;0,120;42,36;90,68
Sword_021_under;42,146;21,10;72,76
Sword_022;63,121;40,35;90,69
Sword_022_under;103,146;21,10;72,76
Sword_023;124,123;40,33;90,71
Sword_023_under;164,146;21,10;72,76
Sword_024;185,125;32,31;90,73
Sword_024_under;217,146;21,10;72,76
Sword_025;238,126;33,30;90,74
Sword_025_under;271,146;21,10;72,76
Sword_026;292,90;42,66;83,42
Sword_027;334,85;39,71;88,33
Sword_028;373,72;37,84;93,20
Sword_029;410,68;37,88;96,16
Sword_030;447,62;37,94;100,10
Sword_031;484,56;37,100;104,4
Sword_032;521,52;37,104;107,0
Sword_033;558,52;36,104;110,0
Sword_034;594,52;35,104;113,0
Sword_035;629,52;31,104;119,0
Sword_036;660,52;31,104;121,0
Sword_037;691,52;28,104;122,0
Sword_038;719,52;43,104;124,0
Sword_039;762,64;31,92;125,12
Sword_040;793,65;29,91;126,13
Sword_041;822,66;29,90;127,14
Sword_042;851,67;29,89;128,15
Sword_043;880,69;29,87;129,17
Sword_044;909,71;30,85;128,19
Sword_045;939,69;22,87;128,17
Sword_046;961,73;21,83;128,21
Sword_047;982,74;24,82;126,22
Sword_048;1006,75;24,81;126,23
Sword_049;1030,71;23,85;128,19
Sword_050;1053,72;23,84;128,20
Sword_051;1076,79;21,77;130,27
Sword_052;1097,80;21,76;130,28
Sword_053;1118,82;32,74;127,30
Sword_054;1150,83;32,73;128,31
Sword_055;0,156;35,76;129,28
Sword_056;35,161;38,71;124,33
Sword_057;73,162;35,70;128,34
Sword_058;108,167;40,65;135,39
Sword_059;148,170;34,62;139,42
Sword_060;182,175;34,57;140,47
Sword_061;216,186;25,46;139,58
Sword_062;241,205;26,27;138,77
Sword_063;267,205;28,27;136,77
Sword_064;295,202;30,30;134,77
Sword_065;325,196;27,36;137,68
Sword_066;352,196;27,36;137,68
Sword_067;379,196;27,36;137,68
Sword_068;406,197;30,35;137,69
Sword_069;436,197;33,35;137,69
Sword_070;469,197;37,35;137,69
Sword_071;506,197;35,35;137,69
Sword_072;541,197;37,35;137,69
Sword_073;578,197;39,35;137,69
Sword_074;617,196;42,36;137,68
Sword_075;659,197;36,35;137,69
Sword_076;695,197;36,35;137,69
Sword_077;731,197;32,35;137,69
Sword_078;763,197;27,35;137,69
Sword_079;790,197;27,35;137,69
Sword_080;817,183;38,49;126,55
Sword_081;855,185;43,47;121,57
Sword_082;898,180;39,52;125,52
Sword_083;937,176;42,56;122,48
Sword_084;979,169;34,63;130,41
Sword_085;1013,192;27,40;137,64
Sword_086;1040,194;28,38;136,66
Sword_087;1068,192;44,40;128,66
Sword_088;1112,193;49,39;124,66
Sword_089;0,251;68,86;118,20
Sword_090;68,245;47,92;127,13
Sword_091;115,232;47,105;127,0
Sword_092;162,232;42,105;128,0
Sword_093;204,232;42,105;128,0
Sword_095;246,233;40,104;80,0
Sword_096;286,296;27,41;88,63
Sword_096_under;313,327;21,10;68,74
Sword_097;334,300;26,37;88,67
Sword_097_under;360,327;21,10;68,74
Sword_098;381,293;26,44;88,60
Sword_098_under;407,327;21,10;68,74
Sword_099;428,273;26,64;88,40
Sword_099_under;454,327;21,10;68,74
Sword_100;475,277;26,60;88,44
Sword_100_under;501,327;21,10;68,74
Sword_101;522,281;26,56;88,48
Sword_101_under;548,327;21,10;68,74
Sword_102;569,303;38,34;90,70
Sword_102_under;607,327;21,10;72,76
Sword_103;628,302;38,35;90,69
Sword_103_under;666,327;21,10;72,76
Sword_104;687,302;39,35;90,69
Sword_104_under;726,327;21,10;72,76
Sword_105;747,303;40,34;90,70
Sword_105_under;787,327;21,10;72,76
Sword_106;808,304;50,33;90,71
Sword_106_under;858,327;21,10;72,76
Sword_107;879,305;50,32;90,72
Sword_107_under;929,327;21,10;72,76
Sword_108;950,303;50,34;90,70
Sword_108_under;1000,327;21,10;72,76
Sword_109;1021,296;47,41;90,63
Sword_109_under;1068,327;21,10;72,76
Sword_110;1089,293;42,44;90,60
Sword_110_under;1131,327;21,10;72,76
Sword_111;1152,291;43,46;90,58
Sword_111_under;0,370;21,10;72,76
Sword_112;21,337;43,43;90,61
Sword_112_under;64,370;21,10;72,76
Sword_113;85,344;38,36;90,68
Sword_113_under;123,370;21,10;72,76
Sword_114;144,345;38,35;90,69
Sword_114_under;182,370;21,10;72,76
Sword_115;203,348;37,32;90,72
Sword_115_under;240,370;21,10;72,76
Sword_116;261,346;46,34;90,70
Sword_116_under;307,370;21,10;72,76
Sword_117;328,345;49,35;90,69
Sword_117_under;377,370;21,10;72,76
Sword_118;398,344;50,36;90,68
Sword_118_under;448,370;21,10;72,76
Sword_119;469,338;44,42;90,62
Sword_119_under;513,370;21,10;72,76
Sword_120;534,338;42,42;90,62
Sword_120_under;576,370;21,10;72,76
Sword_121;597,345;39,35;90,69
Sword_121_under;636,370;21,10;72,76
Sword_122;657,344;40,36;90,68
Sword_122_under;697,370;21,10;72,76
Sword_123;718,345;41,35;90,69
Sword_123_under;759,370;21,10;72,76
Sword_124;780,345;41,35;90,69
Sword_124_under;821,370;21,10;72,76
Sword_125;842,345;45,35;90,69
Sword_125_under;887,370;21,10;72,76
Sword_129;908,340;42,40;139,70
Sword_130;950,342;33,38;148,72
Sword_131;983,346;96,34;72,70
Sword_132;1079,346;66,34;72,70
