Handaxe_000;0,8;28,34;133,70
Handaxe_001;28,8;39,34;133,70
Handaxe_002;67,8;34,34;138,70
Handaxe_003;101,7;49,35;109,70
Handaxe_004;150,6;24,36;125,70
Handaxe_005;174,8;61,34;111,70
Handaxe_006;235,8;39,34;133,70
Handaxe_007;274,8;34,34;127,70
Handaxe_008;308,8;37,34;124,70
Handaxe_009;345,8;39,34;122,70
Handaxe_010;384,8;38,34;123,70
Handaxe_011;422,5;32,37;129,67
Handaxe_012;454,5;32,37;129,67
Handaxe_013;486,5;32,37;129,67
Handaxe_014;518,5;32,37;129,67
Handaxe_015;550,5;32,37;129,67
Handaxe_016;582,4;32,38;129,66
Handaxe_017;614,3;32,39;129,65
Handaxe_018;646,1;32,41;129,63
Handaxe_019;678,0;33,42;128,62
Handaxe_020;711,5;43,37;129,67
Handaxe_021;754,7;27,35;133,69
Handaxe_022;781,7;22,35;138,69
Handaxe_023;803,7;27,35;133,69
