Handaxe_000;0,15;20,35;143,69
Handaxe_001;20,15;22,35;143,69
Handaxe_002;42,16;26,34;143,70
Handaxe_003;68,19;31,31;143,73
Handaxe_004;99,20;51,30;116,76
Handaxe_005;150,20;31,30;135,75
Handaxe_006;181,20;29,30;135,75
Handaxe_007;210,19;51,31;123,73
Handaxe_008;261,19;31,31;143,73
Handaxe_009;292,0;26,50;137,54
Handaxe_010;318,0;26,50;137,54
Handaxe_011;344,1;28,49;135,55
Handaxe_012;372,5;26,45;137,59
Handaxe_013;398,10;30,40;133,64
Handaxe_014;428,4;33,46;130,58
Handaxe_015;461,2;52,48;122,56
Handaxe_016;513,15;39,35;141,71
Handaxe_017;552,19;31,31;149,73
