Handaxe_000;0,10;38,36;134,68
Handaxe_001;38,10;55,36;147,68
Handaxe_002;93,9;53,37;149,67
Handaxe_003;146,10;48,36;154,68
Handaxe_004;194,10;48,36;154,68
Handaxe_005;242,12;54,34;139,70
Handaxe_006;296,11;46,35;148,69
Handaxe_007;342,12;41,34;148,70
Handaxe_008;383,12;40,34;148,70
Handaxe_009;423,12;34,34;148,70
Handaxe_010;457,11;35,35;148,69
Handaxe_011;492,11;29,35;154,69
Handaxe_012;521,10;43,36;134,68
Handaxe_013;564,6;50,40;154,64
Handaxe_014;614,10;48,36;154,68
Handaxe_015;662,3;43,43;154,61
Handaxe_016;705,0;49,46;154,58
Handaxe_017;754,6;54,40;133,64
Handaxe_018;808,2;33,44;155,60
